00:00 0.00 5.00 30.00 30.00

03:00 5.00 30.00 0.00 5.00

04:00 0.00 0.00 5.00

05:00 0.00 0.00 5.00

06:00 0.00 0.00 5.00

07:00 0.00 0.00 5.00

08:00 0.00 0.00 5.00

09:00 0.00 0.00 5.00

10:00 0.00 0.00 5.00

11:00 0.00 0.00 5.00

12:00 0.00 0.00 5.00

13:00 0.00 0.00 5.00

14:00 0.00 0.00 5.00

15:00 0.00 0.00 5.00

16:00 0.00 0.00 5.00

17:00 0.00 0.00 5.00

18:00 0.00 0.00 5.00

19:00 0.00 0.00 5.00

20:00 0.00 0.00 5.00

21:00 0.00 0.00 5.00

22:00 0.00 0.00 5.00

23:00 0.00 0.00 5.00

24:00 0.00 0.00 5.00

25:00 0.00 0.00 5.00

26:00 0.00 0.00 5.00

27:00 0.00 0.00 5.00

28:00 0.00 0.00 5.00

29:00 0.00 0.00 5.00

30:00 0.00 0.00 5.00

31:00 0.00 0.00 5.00

32:00 0.00 0.00 5.00

33:00 0.00 0.00 5.00

34:00 0.00 0.00 5.00

35:00 0.00 0.00 5.00

36:00 0.00 0.00 5.00

37:00 0.00 0.00 5.00

38:00 0.00 0.00 5.00

39:00 0.00 0.00 5.00

40:00 0.00 0.00 5.00

41:00 0.00 0.00 5.00

42:00 0.00 0.00 5.00

43:00 0.00 0.00 5.00

44:00 0.00 0.00 5.00

45:00 0.00 0.00 5.00

46:00 0.00 0.00 5.00

47:00 0.00 0.00 5.00

48:00 0.00 0.00 5.00

49:00 0.00 0.00 5.00

50:00 0.00 0.00 5.00

51:00 0.00 0.00 5.00

52:00 0.00 0.00 5.00

53:00 0.00 0.00 5.00

54:00 0.00 0.00 5.00

55:00 0.00 0.00 5.00

56:00 0.00 0.00 5.00

57:00 0.00 0.00 5.00

58:00 0.00 0.00 5.00

59:00 0.00 0.00 5.00

60:00 0.00 0.00 5.00

61:00 0.00 0.00 5.00

62:00 0.00 0.00 5.00

63:00 0.00 0.00 5.00

64:00 0.00 0.00 5.00

65:00 0.00 0.00 5.00

66:00 0.00 0.00 5.00

67:00 0.00 0.00 5.00

68:00 0.00 0.00 5.00

69:00 0.00 0.00 5.00

70:00 0.00 0.00 5.00

71:00 0.00 0.00 5.00

72:00 0.00 0.00 5.00

73:00 0.00 0.00 5.00

74:00 0.00 0.00